-0.001791
-0.003317
-0.002808
0.001088
0.009207
0.021823
0.038648
0.058894
0.081368
0.104616
0.127081
0.147274
0.163933
0.176159
0.183517
0.186082
0.184443
0.179650
0.173113
0.166467
0.161417
0.159568
0.162269
0.170482
0.184682
0.204813
0.230287
0.260041
0.292639
0.326405
0.359587
0.390524
0.417803
0.440396
0.457756
0.469864
0.477232
0.480846
0.482066
0.482489
0.483794
0.487566
0.495147
0.507495
0.525090
0.547886
0.575310
0.606317
0.639493
0.673187
0.705672
0.735316
0.760734
0.780927
0.795378
0.804099
0.807629
0.806984
0.803552
0.798957
0.794903
0.793003
0.794620
0.800735
0.811851
0.827941
0.848451
0.872355
0.898253
0.924510
0.949414
0.971345
0.988932
1.001185
1.007598
1.008192
1.003514
0.994589
0.982810
0.969810
0.957298
0.946891
0.939958
0.937485
0.939979
0.947416
0.959246
0.974447
0.991622
1.009139
1.025289
1.038455
1.047266
1.050740
1.048369
1.040178
1.026718
1.009015
0.988466
0.966705
0.945444
0.926304
0.910657
0.899490
0.893314
0.892107
0.895324
0.901944
0.910573
0.919584
0.927269
0.932015
0.932456
0.927609
0.916974
0.900576
0.878972
0.853188
0.824626
0.794925
0.765797
0.738869
0.715514
0.696725
0.683014
0.674365
0.670232
0.669601
0.671080
0.673044
0.673790
0.671706
0.665431
0.653984
0.636868
0.614111
0.586273
0.554382
0.519845
0.484300
0.449465
0.416968
0.388185
0.364110
0.345259
0.331617
0.322643
0.317322
0.314265
0.311849
0.308374
0.302230
0.292055
0.276874
0.256187
0.230028
0.198954
0.163999
0.126568
0.088302
0.050920
0.016050
-0.014930
-0.041024
-0.061717
-0.077022
-0.087481
-0.094107
-0.098287
-0.101645
-0.105882
-0.112606
-0.123178
-0.138575
-0.159295
-0.185305
-0.216047
-0.250489
-0.287225
-0.324614
-0.360938
-0.394569
-0.424130
-0.448626
-0.467542
-0.480892
-0.489218
-0.493536
-0.495232
-0.495933
-0.497338
-0.501060
-0.508459
-0.520514
-0.537724
-0.560059
-0.586961
-0.617400
-0.649972
-0.683039
-0.714883
-0.743879
-0.768652
-0.788208
-0.802036
-0.810151
-0.813098
-0.811893
-0.807929
-0.802830
-0.798303
-0.795959
-0.797164
-0.802898
-0.813664
-0.829432
-0.849651
-0.873290
-0.898951
-0.924997
-0.949714
-0.971481
-0.988924
-1.001054
-1.007361
-1.007867
-1.003117
-0.994133
-0.982308
-0.969274
-0.956738
-0.946315
-0.939375
-0.936902
-0.939402
-0.946850
-0.958695
-0.973915
-0.991111
-1.008652
-1.024828
-1.038019
-1.046859
-1.050360
-1.048017
-1.039853
-1.026421
-1.008744
-0.988220
-0.966484
-0.945247
-0.926129
-0.910502
-0.899355
-0.893197
-0.892008
-0.895240
-0.901874
-0.910517
-0.919539
-0.927235
-0.931991
-0.932440
-0.927601
-0.916972
-0.900580
-0.878980
-0.853201
-0.824642
-0.794943
-0.765818
-0.738892
-0.715538
-0.696750
-0.683039
-0.674390
-0.670257
-0.669625
-0.671104
-0.673067
-0.673812
-0.671728
-0.665451
-0.654004
-0.636886
-0.614128
-0.586288
-0.554397
-0.519858
-0.484312
-0.449476
-0.416978
-0.388193
-0.364118
-0.345266
-0.331624
-0.322648
-0.317326
-0.314269
-0.311853
-0.308377
-0.302232
-0.292057
-0.276875
-0.256188
-0.230028
-0.198954
-0.163999
-0.126568
-0.088302
-0.050919
-0.016049
0.014931
0.041025
0.061718
0.077023
0.087482
0.094108
0.098288
0.101646
0.105883
0.112607
0.123179
0.138576
0.159296
0.185306
0.216048
0.250489
0.287225
0.324614
0.360938
0.394570
0.424131
0.448627
0.467542
0.480892
0.489219
0.493536
0.495232
0.495933
0.497338
0.501060
0.508459
0.520514
0.537724
0.560059
0.586961
0.617400
0.649972
0.683039
0.714883
0.743879
0.768652
0.788208
0.802036
0.810151
0.813098
0.811893
0.807928
0.802830
0.798303
0.795959
0.797164
0.802898
0.813664
0.829432
0.849651
0.873290
0.898951
0.924997
0.949714
0.971481
0.988924
1.001054
1.007361
1.007867
1.003117
0.994133
0.982308
0.969274
0.956737
0.946315
0.939375
0.936902
0.939402
0.946850
0.958695
0.973915
0.991111
1.008652
1.024828
1.038019
1.046859
1.050360
1.048017
1.039853
1.026421
1.008744
0.988220
0.966484
0.945247
0.926129
0.910502
0.899355
0.893197
0.892008
0.895240
0.901874
0.910517
0.919539
0.927235
0.931991
0.932440
0.927601
0.916972
0.900580
0.878980
0.853201
0.824642
0.794943
0.765818
0.738892
0.715538
0.696750
0.683039
0.674390
0.670257
0.669625
0.671104
0.673067
0.673812
0.671728
0.665451
0.654004
0.636886
0.614128
0.586288
0.554397
0.519858
0.484312
0.449476
0.416978
0.388193
0.364118
0.345266
0.331624
0.322648
0.317326
0.314269
0.311853
0.308377
0.302232
0.292057
0.276875
0.256188
0.230028
0.198954
0.163999
0.126568
0.088302
0.050919
0.016049
-0.014931
-0.041025
-0.061718
-0.077023
-0.087482
-0.094108
-0.098288
-0.101646
-0.105883
-0.112607
-0.123179
-0.138576
-0.159296
-0.185306
-0.216048
-0.250489
-0.287225
-0.324614
-0.360938
-0.394570
-0.424131
-0.448627
-0.467542
-0.480892
-0.489219
-0.493536
-0.495232
-0.495933
-0.497338
-0.501060
-0.508459
-0.520514
-0.537724
-0.560059
-0.586961
-0.617400
-0.649972
-0.683039
-0.714883
-0.743879
-0.768652
-0.788208
-0.802036
-0.810151
-0.813098
-0.811893
-0.807928
-0.802830
-0.798303
-0.795959
-0.797164
-0.802898
-0.813664
-0.829432
-0.849651
-0.873290
-0.898951
-0.924997
-0.949714
-0.971481
-0.988924
-1.001054
-1.007361
-1.007867
-1.003117
-0.994133
-0.982308
-0.969274
-0.956737
-0.946315
-0.939375
-0.936902
-0.939402
-0.946850
-0.958695
-0.973915
-0.991111
-1.008652
-1.024828
-1.038019
-1.046859
-1.050360
-1.048017
-1.039853
-1.026421
-1.008744
-0.988220
-0.966484
-0.945247
-0.926129
-0.910502
-0.899355
-0.893197
-0.892008
-0.895240
-0.901874
-0.910517
-0.919539
-0.927235
-0.931991
-0.932440
-0.927601
-0.916972
-0.900580
-0.878980
-0.853201
-0.824642
-0.794943
-0.765818
-0.738892
-0.715538
-0.696750
-0.683039
-0.674390
-0.670257
-0.669625
-0.671104
-0.673067
-0.673812
-0.671728
-0.665451
-0.654004
-0.636886
-0.614128
-0.586288
-0.554397
-0.519858
-0.484312
-0.449476
-0.416978
-0.388193
-0.364118
-0.345266
-0.331624
-0.322648
-0.317326
-0.314269
-0.311853
-0.308377
-0.302232
-0.292057
-0.276875
-0.256188
-0.230028
-0.198954
-0.163999
-0.126568
-0.088302
-0.050919
-0.016049
0.014931
0.041025
0.061718
0.077023
0.087482
0.094108
0.098288
0.101646
0.105883
0.112607
0.123179
0.138576
0.159296
0.185306
0.216048
0.250489
0.287225
0.324614
0.360938
0.394570
0.424131
0.448627
0.467542
0.480892
0.489219
0.493536
0.495232
0.495933
0.497338
0.501060
0.508459
0.520514
0.537724
0.560059
0.586961
0.617400
0.649972
0.683039
0.714883
0.743879
0.768652
0.788208
0.802036
0.810151
0.813098
0.811893
0.807928
0.802830
0.798303
0.795959
0.797164
0.802898
0.813664
0.829432
0.849651
0.873290
0.898951
0.924997
0.949714
0.971481
0.988924
1.001054
1.007361
1.007867
1.003117
0.994133
0.982308
0.969274
0.956737
0.946315
0.939375
0.936902
0.939402
0.946850
0.958695
0.973915
0.991111
1.008652
1.024828
1.038019
1.046859
1.050360
1.048017
1.039853
1.026421
1.008744
0.988220
0.966484
0.945247
0.926129
0.910502
0.899355
0.893197
0.892008
0.895240
0.901874
0.910517
0.919539
0.927235
0.931991
0.932440
0.927601
0.916972
0.900580
0.878980
0.853201
0.824642
0.794943
0.765818
0.738892
0.715538
0.696750
0.683039
0.674390
0.670257
0.669625
0.671104
0.673067
0.673812
0.671728
0.665451
0.654004
0.636886
0.614128
0.586288
0.554397
0.519858
0.484312
0.449476
0.416978
0.388193
0.364118
0.345266
0.331624
0.322648
0.317326
0.314269
0.311853
0.308377
0.302232
0.292057
0.276875
0.256188
0.230028
0.198954
0.163999
0.126568
0.088302
0.050919
0.016049
-0.014931
-0.041025
-0.061718
-0.077023
-0.087482
-0.094108
-0.098288
-0.101646
-0.105883
-0.112607
-0.123179
-0.138576
-0.159296
-0.185306
-0.216048
-0.250489
-0.287225
-0.324614
-0.360938
-0.394570
-0.424131
-0.448627
-0.467542
-0.480892
-0.489219
-0.493536
-0.495232
-0.495933
-0.497338
-0.501060
-0.508459
-0.520514
-0.537724
-0.560059
-0.586961
-0.617400
-0.649972
-0.683039
-0.714883
-0.743879
-0.768652
-0.788208
-0.802036
-0.810151
-0.813098
-0.811893
-0.807928
-0.802830
-0.798303
-0.795959
-0.797164
-0.802898
-0.813664
-0.829432
-0.849651
-0.873290
-0.898951
-0.924997
-0.949714
-0.971481
-0.988924
-1.001054
-1.007361
-1.007867
-1.003117
-0.994133
-0.982308
-0.969274
-0.956737
-0.946315
-0.939375
-0.936902
-0.939402
-0.946850
-0.958695
-0.973915
-0.991111
-1.008652
-1.024828
-1.038019
-1.046859
-1.050360
-1.048017
-1.039853
-1.026421
-1.008744
-0.988220
-0.966484
-0.945247
-0.926129
-0.910502
-0.899355
-0.893197
-0.892008
-0.895240
-0.901874
-0.910517
-0.919539
-0.927235
-0.931991
-0.932440
-0.927601
-0.916972
-0.900580
-0.878980
-0.853201
-0.824642
-0.794943
-0.765818
-0.738892
-0.715538
-0.696750
-0.683039
-0.674390
-0.670257
-0.669625
-0.671104
-0.673067
-0.673812
-0.671728
-0.665451
-0.654004
-0.636886
-0.614128
-0.586288
-0.554397
-0.519858
-0.484312
-0.449476
-0.416978
-0.388193
-0.364118
-0.345266
-0.331624
-0.322648
-0.317326
-0.314269
