-0.007503
-0.012784
-0.008711
0.009070
0.042161
0.089644
0.148499
0.214166
0.281208
0.344003
0.397423
0.437417
0.461466
0.468857
0.460765
0.440131
0.411359
0.379856
0.351478
0.331917
0.326116
0.337745
0.368811
0.419434
0.487799
0.570318
0.661949
0.756677
0.848081
0.929953
0.996886
1.044800
1.071331
1.076053
1.060520
1.028104
0.983664
0.933070
0.882622
0.838436
0.805844
0.788869
0.789833
0.809130
0.845187
0.894618
0.952555
1.013131
1.070046
1.117195
1.149258
1.162227
1.153802
1.123612
1.073259
1.006161
0.927221
0.842350
0.757890
0.679999
0.614052
0.564114
0.532553
0.519808
0.524352
0.542847
0.570473
0.601409
0.629406
0.648405
0.653133
0.639631
0.605643
0.550844
0.476878
0.387206
0.286771
0.181522
0.077838
-0.018088
-0.100850
-0.166351
-0.212197
-0.237922
-0.245030
-0.236839
-0.218149
-0.194766
-0.172925
-0.158675
-0.157279
-0.172692
-0.207165
-0.261024
-0.332624
-0.418509
-0.513745
-0.612389
-0.708075
-0.794624
-0.866647
-0.920065
-0.952506
-0.963526
-0.954657
-0.929244
-0.892117
-0.849114
-0.806506
-0.770378
-0.746030
-0.737457
-0.746955
-0.774891
-0.819667
-0.877874
-0.944625
-1.014029
-1.079770
-1.135722
-1.176550
-1.198230
-1.198443
-1.176805
-1.134903
-1.076141
-1.005408
-0.928600
-0.852047
-0.781894
-0.723502
-0.680924
-0.656516
-0.650704
-0.661950
-0.686905
-0.720738
-0.757617
-0.791282
-0.815666
-0.825486
-0.816773
-0.787264
-0.736625
-0.666494
-0.580325
-0.483054
-0.380625
-0.279413
-0.185605
-0.104603
-0.040502
0.004306
0.029358
0.036159
0.028027
0.009763
-0.012830
-0.033515
-0.046247
-0.045766
-0.028121
0.008938
0.065730
0.140606
0.230104
0.329282
0.432194
0.532463
0.623903
0.701116
0.760016
0.798218
0.815271
0.812695
0.793823
0.763475
0.727478
0.692088
0.663378
0.646637
0.645846
0.663286
0.699310
0.752307
0.818854
0.894047
0.971983
1.046330
1.110946
1.160481
1.190896
1.199858
1.186967
1.153793
1.103726
1.041640
0.973415
0.905367
0.843625
0.793535
0.759137
0.742771
0.744851
0.763824
0.796325
0.837514
0.881543
0.922142
0.953229
0.969512
0.967009
0.943446
0.898479
0.833736
0.752662
0.660183
0.562236
0.465187
0.375216
0.297718
0.236783
0.194797
0.172217
0.167534
0.177427
0.197092
0.220722
0.242081
0.255120
0.254580
0.236509
0.198658
0.140711
0.064318
-0.027058
-0.128469
-0.233966
-0.337168
-0.431884
-0.512711
-0.575554
-0.618023
-0.639659
-0.641974
-0.628293
-0.603426
-0.573190
-0.543833
-0.521416
-0.511216
-0.517204
-0.541649
-0.584891
-0.645308
-0.719461
-0.802436
-0.888313
-0.970748
-1.043586
-1.101461
-1.140319
-1.157812
-1.153526
-1.129017
-1.087657
-1.034306
-0.974830
-0.915528
-0.862514
-0.821120
-0.795368
-0.787586
-0.798170
-0.825554
-0.866359
-0.915727
-0.967799
-1.016289
-1.055102
-1.078932
-1.083785
-1.067372
-1.029339
-0.971300
-0.896688
-0.810419
-0.718418
-0.627040
-0.542457
-0.470055
-0.413912
-0.376407
-0.357990
-0.357145
-0.370542
-0.393373
-0.419824
-0.443655
-0.458813
-0.460034
-0.443363
-0.406551
-0.349277
-0.273191
-0.181756
-0.079919
0.026369
0.130727
0.226961
0.309664
0.374740
0.419795
0.444365
0.449955
0.439887
0.418964
0.392995
0.368220
0.350695
0.345686
0.357155
0.387361
0.436636
0.503345
0.584040
0.673794
0.766677
0.856330
0.936587
1.002068
1.048707
1.074142
1.077945
1.061657
1.028637
0.983729
0.932784
0.882087
0.837738
0.805050
0.788035
0.789001
0.808332
0.844444
0.893943
0.951958
1.012614
1.069609
1.116833
1.148965
1.161998
1.153628
1.123486
1.073173
1.006108
0.927195
0.842344
0.757900
0.680021
0.614081
0.564148
0.532589
0.519844
0.524387
0.542879
0.570502
0.601435
0.629429
0.648424
0.653149
0.639644
0.605653
0.550851
0.476884
0.387210
0.286773
0.181523
0.077838
-0.018088
-0.100851
-0.166353
-0.212198
-0.237923
-0.245031
-0.236840
-0.218150
-0.194767
-0.172926
-0.158676
-0.157280
-0.172692
-0.207166
-0.261024
-0.332624
-0.418510
-0.513745
-0.612389
-0.708075
-0.794624
-0.866647
-0.920065
-0.952505
-0.963526
-0.954657
-0.929244
-0.892117
-0.849114
-0.806506
-0.770378
-0.746030
-0.737457
-0.746955
-0.774891
-0.819667
-0.877874
-0.944625
-1.014029
-1.079770
-1.135722
-1.176550
-1.198230
-1.198443
-1.176805
-1.134903
-1.076141
-1.005408
-0.928600
-0.852047
-0.781894
-0.723502
-0.680924
-0.656516
-0.650704
-0.661950
-0.686905
-0.720738
-0.757617
-0.791282
-0.815666
-0.825486
-0.816773
-0.787264
-0.736625
-0.666494
-0.580325
-0.483054
-0.380625
-0.279413
