-0.002005
-0.003713
-0.003143
0.001236
0.010408
0.024768
0.044122
0.067751
0.094512
0.122977
0.151597
0.178875
0.203529
0.224623
0.241674
0.254701
0.264228
0.271230
0.277039
0.283207
0.291350
0.302984
0.319364
0.341358
0.369349
0.403185
0.442186
0.485198
0.530694
0.576911
0.622013
0.664255
0.702147
0.734585
0.760950
0.781154
0.795647
0.805352
0.811574
0.815859
0.819836
0.825048
0.832795
0.844001
0.859116
0.878063
0.900249
0.924609
0.949712
0.973896
0.995427
1.012669
1.024237
1.029135
1.026853
1.017413
1.001370
0.979754
0.953974
0.925680
0.896600
0.868376
0.842406
0.819706
0.800815
0.785747
0.773993
0.764570
0.756129
0.747082
0.735772
0.720632
0.700347
0.673987
0.641105
0.601783
0.556634
0.506744
0.453574
0.398825
0.344272
0.291604
0.242259
0.197294
0.157287
0.122287
0.091816
0.064925
0.040291
0.016353
-0.008524
-0.035885
-0.067026
-0.102861
-0.143825
-0.189821
-0.240231
-0.293958
-0.349539
-0.405273
-0.459381
-0.510181
-0.556238
-0.596503
-0.630407
-0.657915
-0.679518
-0.696183
-0.709252
-0.720306
-0.731005
-0.742919
-0.757372
-0.775308
-0.797193
-0.822967
-0.852043
-0.883366
-0.915511
-0.946816
-0.975550
-1.000071
-1.018993
-1.031313
-1.036513
-1.034606
-1.026136
-1.012122
-0.993960
-0.973286
-0.951815
-0.931174
-0.912744
-0.897526
-0.886044
-0.878296
-0.873755
-0.871425
-0.869937
-0.867693
-0.863015
-0.854324
-0.840290
-0.819968
-0.792897
-0.759148
-0.719318
-0.674484
-0.626094
-0.575838
-0.525483
-0.476705
-0.430936
-0.389224
-0.352140
-0.319726
-0.291500
-0.266505
-0.243415
-0.220666
-0.196620
-0.169729
-0.138696
-0.102606
-0.061025
-0.014050
0.037699
0.093124
0.150758
0.208895
0.265756
0.319651
0.369140
0.413169
0.451162
0.483075
0.509393
0.531074
0.549452
0.566097
0.582659
0.600699
0.621530
0.646084
0.674815
0.707651
0.743992
0.782772
0.822551
0.861654
0.898336
0.930942
0.958071
0.978705
0.992311
0.998889
0.998966
0.993547
0.984014
0.971986
0.959163
0.947157
0.937334
0.930680
0.927704
0.928389
0.932193
0.938104
0.944742
0.950491
0.953662
0.952660
0.946142
0.933151
0.913212
0.886384
0.853252
0.814880
0.772706
0.728409
0.683744
0.640379
0.599736
0.562853
0.530294
0.502093
0.477759
0.456330
0.436472
0.416617
0.395121
0.370431
0.341248
0.306652
0.266207
0.220008
0.168674
0.113302
0.055358
-0.003450
-0.061343
-0.116628
-0.167863
-0.213991
-0.254433
-0.289140
-0.318593
-0.343743
-0.365918
-0.386682
-0.407679
-0.430460
-0.456331
-0.486215
-0.520556
-0.559272
-0.601755
-0.646926
-0.693333
-0.739292
-0.783045
-0.822923
-0.857513
-0.885786
-0.907194
-0.921722
-0.929885
-0.932674
-0.931455
-0.927833
-0.923494
-0.920034
-0.918806
-0.920778
-0.926446
-0.935777
-0.948214
-0.962730
-0.977930
-0.992182
-1.003783
-1.011124
-1.012846
-1.007978
-0.996031
-0.977048
-0.951603
-0.920746
-0.885902
-0.848735
-0.810989
-0.774320
-0.740138
-0.709471
-0.682869
-0.660358
-0.641436
-0.625132
-0.610103
-0.594772
-0.577488
-0.556690
-0.531072
-0.499708
-0.462157
-0.418507
-0.369375
-0.315851
-0.259402
-0.201729
-0.144613
-0.089743
-0.038560
0.007877
0.048990
0.084729
0.115571
0.142467
0.166742
0.189955
0.213746
0.239661
0.269001
0.302682
0.341143
0.384293
0.431517
0.481727
0.533464
0.585034
0.634667
0.680687
0.721667
0.756569
0.784832
0.806431
0.821867
0.832117
0.838536
0.842716
0.846328
0.850954
0.857933
0.868219
0.882293
0.900108
0.921091
0.944202
0.968028
0.990924
1.011171
1.027145
1.037472
1.041165
1.037722
1.027170
1.010067
0.987450
0.960728
0.931553
0.901653
0.872672
0.846005
0.822666
0.803195
0.787603
0.775377
0.765534
0.756720
0.747347
0.735752
0.720367
0.699873
0.673339
0.640312
0.600874
0.555634
0.505675
0.452458
0.397679
0.343112
0.290443
0.241110
0.196167
0.156190
0.121227
0.090800
0.063956
0.039372
0.015488
-0.009334
-0.036640
-0.067726
-0.103506
-0.144416
-0.190360
-0.240718
-0.294397
-0.349932
-0.405621
-0.459688
-0.510448
-0.556469
-0.596700
-0.630574
-0.658053
-0.679630
-0.696271
-0.709319
-0.720354
-0.731036
-0.742935
-0.757376
-0.775301
-0.797176
-0.822941
-0.852011
-0.883329
-0.915469
-0.946771
-0.975502
-1.000022
-1.018943
-1.031263
-1.036464
-1.034557
-1.026088
-1.012076
-0.993916
-0.973244
-0.951775
-0.931136
-0.912708
-0.897493
-0.886013
-0.878267
-0.873729
-0.871401
-0.869916
-0.867673
-0.862998
-0.854308
-0.840276
-0.819956
-0.792887
-0.759138
-0.719310
-0.674477
-0.626089
