Compilation Results:
********************

Test Input = 5 5 5
Matrix A:
1.02 8.29 5.66 9.62 1.38 
4.92 3.94 7.16 6.68 1.83 
3.75 1.43 3.68 6.35 0.84 
8.52 8.62 3.28 1.73 4.71 
4.25 2.97 6.16 7.73 3.34 

Matrix B:
5.19 2.79 7.06 9.22 4.56 
3.13 3.76 2.85 2.31 3.38 
7.75 7.24 0.85 4.91 7.44 
6.20 8.67 8.88 9.88 8.54 
3.24 1.93 7.16 6.52 3.66 

Matrix C:
139.22 161.06 130.95 160.39 161.99 
140.70 141.83 124.47 167.55 152.77 
94.55 99.16 96.08 124.16 106.62 
122.61 104.02 136.59 162.37 124.40 
137.84 141.09 136.26 174.44 153.49 

Correct!

Test Input = 7 3 9
Matrix A:
1.02 8.29 5.66 
9.62 1.38 4.92 
3.94 7.16 6.68 
1.83 3.75 1.43 
3.68 6.35 0.84 
8.52 8.62 3.28 
1.73 4.71 4.25 

Matrix B:
2.97 6.16 7.73 3.34 5.19 2.79 7.06 9.22 4.56 
3.13 3.76 2.85 2.31 3.38 7.75 7.24 0.85 4.91 
7.44 6.20 8.67 8.88 9.88 8.54 3.24 1.93 7.16 

Matrix C:
71.09 72.55 80.58 72.82 89.23 115.43 85.56 27.37 85.88 
69.50 94.95 120.95 79.01 103.20 79.55 93.85 99.36 85.87 
83.81 92.61 108.78 89.02 110.65 123.53 101.30 55.31 100.95 
27.81 34.24 37.23 27.47 36.30 46.38 44.70 22.82 37.00 
37.05 51.75 53.83 34.42 48.86 66.65 74.68 40.95 53.97 
76.69 105.23 118.86 77.50 105.76 118.59 133.19 92.21 104.66 
51.50 54.72 63.64 54.40 66.89 77.62 60.08 28.16 61.44 

Correct!

Grade: 10
******
Late submission: 0
Functionality:
Total: 
